1.000000000000000000e+03
2.000000000000000000e+00
2.000000000000000000e+00
2.000000000000000000e+00
0.000000000000000000e+00
1.000000000000000000e+00
0.000000000000000000e+00
1.000000000000000000e+00
1.000000000000000000e+00
2.000000000000000000e+00
2.000000000000000000e+00
1.000000000000000000e+00
0.000000000000000000e+00
1.000000000000000000e+00
0.000000000000000000e+00
0.000000000000000000e+00
1.000000000000000000e+00
2.000000000000000000e+00
2.000000000000000000e+00
1.000000000000000000e+00
1.000000000000000000e+00
2.000000000000000000e+00
0.000000000000000000e+00
0.000000000000000000e+00
2.000000000000000000e+00
1.000000000000000000e+00
1.000000000000000000e+00
2.000000000000000000e+00
2.000000000000000000e+00
0.000000000000000000e+00
1.000000000000000000e+00
0.000000000000000000e+00
0.000000000000000000e+00
1.000000000000000000e+00
2.000000000000000000e+00
1.000000000000000000e+00
0.000000000000000000e+00
0.000000000000000000e+00
1.000000000000000000e+00
2.000000000000000000e+00
0.000000000000000000e+00
2.000000000000000000e+00
1.000000000000000000e+00
1.000000000000000000e+00
2.000000000000000000e+00
1.000000000000000000e+00
0.000000000000000000e+00
0.000000000000000000e+00
1.000000000000000000e+00
1.000000000000000000e+00
0.000000000000000000e+00
0.000000000000000000e+00
2.000000000000000000e+00
0.000000000000000000e+00
2.000000000000000000e+00
2.000000000000000000e+00
2.000000000000000000e+00
2.000000000000000000e+00
0.000000000000000000e+00
1.000000000000000000e+00
1.000000000000000000e+00
2.000000000000000000e+00
0.000000000000000000e+00
2.000000000000000000e+00
0.000000000000000000e+00
0.000000000000000000e+00
1.000000000000000000e+00
0.000000000000000000e+00
1.000000000000000000e+00
2.000000000000000000e+00
0.000000000000000000e+00
1.000000000000000000e+00
1.000000000000000000e+00
1.000000000000000000e+00
2.000000000000000000e+00
1.000000000000000000e+00
2.000000000000000000e+00
1.000000000000000000e+00
0.000000000000000000e+00
2.000000000000000000e+00
2.000000000000000000e+00
2.000000000000000000e+00
0.000000000000000000e+00
1.000000000000000000e+00
2.000000000000000000e+00
0.000000000000000000e+00
1.000000000000000000e+00
2.000000000000000000e+00
2.000000000000000000e+00
1.000000000000000000e+00
1.000000000000000000e+00
2.000000000000000000e+00
0.000000000000000000e+00
2.000000000000000000e+00
0.000000000000000000e+00
0.000000000000000000e+00
2.000000000000000000e+00
1.000000000000000000e+00
0.000000000000000000e+00
2.000000000000000000e+00
0.000000000000000000e+00
2.000000000000000000e+00
2.000000000000000000e+00
2.000000000000000000e+00
1.000000000000000000e+00
1.000000000000000000e+00
1.000000000000000000e+00
1.000000000000000000e+00
0.000000000000000000e+00
0.000000000000000000e+00
2.000000000000000000e+00
0.000000000000000000e+00
2.000000000000000000e+00
1.000000000000000000e+00
2.000000000000000000e+00
0.000000000000000000e+00
0.000000000000000000e+00
0.000000000000000000e+00
0.000000000000000000e+00
1.000000000000000000e+00
2.000000000000000000e+00
0.000000000000000000e+00
2.000000000000000000e+00
0.000000000000000000e+00
1.000000000000000000e+00
0.000000000000000000e+00
2.000000000000000000e+00
2.000000000000000000e+00
0.000000000000000000e+00
2.000000000000000000e+00
0.000000000000000000e+00
2.000000000000000000e+00
0.000000000000000000e+00
0.000000000000000000e+00
0.000000000000000000e+00
1.000000000000000000e+00
0.000000000000000000e+00
2.000000000000000000e+00
1.000000000000000000e+00
2.000000000000000000e+00
1.000000000000000000e+00
2.000000000000000000e+00
1.000000000000000000e+00
0.000000000000000000e+00
1.000000000000000000e+00
2.000000000000000000e+00
1.000000000000000000e+00
0.000000000000000000e+00
0.000000000000000000e+00
1.000000000000000000e+00
2.000000000000000000e+00
1.000000000000000000e+00
1.000000000000000000e+00
1.000000000000000000e+00
0.000000000000000000e+00
1.000000000000000000e+00
0.000000000000000000e+00
1.000000000000000000e+00
1.000000000000000000e+00
1.000000000000000000e+00
1.000000000000000000e+00
0.000000000000000000e+00
2.000000000000000000e+00
2.000000000000000000e+00
1.000000000000000000e+00
0.000000000000000000e+00
1.000000000000000000e+00
0.000000000000000000e+00
1.000000000000000000e+00
1.000000000000000000e+00
1.000000000000000000e+00
1.000000000000000000e+00
2.000000000000000000e+00
2.000000000000000000e+00
0.000000000000000000e+00
2.000000000000000000e+00
2.000000000000000000e+00
1.000000000000000000e+00
2.000000000000000000e+00
1.000000000000000000e+00
1.000000000000000000e+00
2.000000000000000000e+00
0.000000000000000000e+00
1.000000000000000000e+00
2.000000000000000000e+00
2.000000000000000000e+00
2.000000000000000000e+00
2.000000000000000000e+00
1.000000000000000000e+00
0.000000000000000000e+00
0.000000000000000000e+00
0.000000000000000000e+00
2.000000000000000000e+00
1.000000000000000000e+00
1.000000000000000000e+00
1.000000000000000000e+00
0.000000000000000000e+00
2.000000000000000000e+00
1.000000000000000000e+00
1.000000000000000000e+00
2.000000000000000000e+00
2.000000000000000000e+00
2.000000000000000000e+00
2.000000000000000000e+00
2.000000000000000000e+00
2.000000000000000000e+00
2.000000000000000000e+00
1.000000000000000000e+00
1.000000000000000000e+00
0.000000000000000000e+00
2.000000000000000000e+00
0.000000000000000000e+00
1.000000000000000000e+00
2.000000000000000000e+00
2.000000000000000000e+00
0.000000000000000000e+00
2.000000000000000000e+00
0.000000000000000000e+00
1.000000000000000000e+00
0.000000000000000000e+00
1.000000000000000000e+00
1.000000000000000000e+00
2.000000000000000000e+00
2.000000000000000000e+00
0.000000000000000000e+00
2.000000000000000000e+00
0.000000000000000000e+00
1.000000000000000000e+00
0.000000000000000000e+00
2.000000000000000000e+00
1.000000000000000000e+00
2.000000000000000000e+00
2.000000000000000000e+00
1.000000000000000000e+00
2.000000000000000000e+00
2.000000000000000000e+00
1.000000000000000000e+00
2.000000000000000000e+00
0.000000000000000000e+00
1.000000000000000000e+00
2.000000000000000000e+00
0.000000000000000000e+00
1.000000000000000000e+00
2.000000000000000000e+00
1.000000000000000000e+00
0.000000000000000000e+00
0.000000000000000000e+00
2.000000000000000000e+00
0.000000000000000000e+00
1.000000000000000000e+00
1.000000000000000000e+00
0.000000000000000000e+00
1.000000000000000000e+00
1.000000000000000000e+00
0.000000000000000000e+00
1.000000000000000000e+00
0.000000000000000000e+00
1.000000000000000000e+00
1.000000000000000000e+00
1.000000000000000000e+00
0.000000000000000000e+00
1.000000000000000000e+00
1.000000000000000000e+00
1.000000000000000000e+00
2.000000000000000000e+00
2.000000000000000000e+00
0.000000000000000000e+00
1.000000000000000000e+00
0.000000000000000000e+00
2.000000000000000000e+00
1.000000000000000000e+00
1.000000000000000000e+00
0.000000000000000000e+00
0.000000000000000000e+00
2.000000000000000000e+00
0.000000000000000000e+00
1.000000000000000000e+00
0.000000000000000000e+00
2.000000000000000000e+00
0.000000000000000000e+00
0.000000000000000000e+00
2.000000000000000000e+00
2.000000000000000000e+00
2.000000000000000000e+00
0.000000000000000000e+00
2.000000000000000000e+00
0.000000000000000000e+00
1.000000000000000000e+00
0.000000000000000000e+00
2.000000000000000000e+00
2.000000000000000000e+00
2.000000000000000000e+00
1.000000000000000000e+00
2.000000000000000000e+00
0.000000000000000000e+00
1.000000000000000000e+00
1.000000000000000000e+00
1.000000000000000000e+00
0.000000000000000000e+00
2.000000000000000000e+00
0.000000000000000000e+00
1.000000000000000000e+00
0.000000000000000000e+00
2.000000000000000000e+00
0.000000000000000000e+00
0.000000000000000000e+00
1.000000000000000000e+00
0.000000000000000000e+00
1.000000000000000000e+00
0.000000000000000000e+00
0.000000000000000000e+00
2.000000000000000000e+00
1.000000000000000000e+00
1.000000000000000000e+00
2.000000000000000000e+00
1.000000000000000000e+00
0.000000000000000000e+00
0.000000000000000000e+00
1.000000000000000000e+00
1.000000000000000000e+00
1.000000000000000000e+00
0.000000000000000000e+00
1.000000000000000000e+00
1.000000000000000000e+00
0.000000000000000000e+00
0.000000000000000000e+00
2.000000000000000000e+00
2.000000000000000000e+00
0.000000000000000000e+00
0.000000000000000000e+00
0.000000000000000000e+00
2.000000000000000000e+00
0.000000000000000000e+00
0.000000000000000000e+00
2.000000000000000000e+00
2.000000000000000000e+00
2.000000000000000000e+00
0.000000000000000000e+00
1.000000000000000000e+00
1.000000000000000000e+00
1.000000000000000000e+00
1.000000000000000000e+00
0.000000000000000000e+00
0.000000000000000000e+00
1.000000000000000000e+00
2.000000000000000000e+00
0.000000000000000000e+00
0.000000000000000000e+00
2.000000000000000000e+00
2.000000000000000000e+00
0.000000000000000000e+00
2.000000000000000000e+00
1.000000000000000000e+00
1.000000000000000000e+00
0.000000000000000000e+00
1.000000000000000000e+00
0.000000000000000000e+00
1.000000000000000000e+00
0.000000000000000000e+00
0.000000000000000000e+00
0.000000000000000000e+00
1.000000000000000000e+00
2.000000000000000000e+00
2.000000000000000000e+00
0.000000000000000000e+00
1.000000000000000000e+00
2.000000000000000000e+00
1.000000000000000000e+00
0.000000000000000000e+00
0.000000000000000000e+00
0.000000000000000000e+00
1.000000000000000000e+00
1.000000000000000000e+00
0.000000000000000000e+00
0.000000000000000000e+00
0.000000000000000000e+00
2.000000000000000000e+00
1.000000000000000000e+00
2.000000000000000000e+00
2.000000000000000000e+00
0.000000000000000000e+00
2.000000000000000000e+00
0.000000000000000000e+00
2.000000000000000000e+00
2.000000000000000000e+00
2.000000000000000000e+00
1.000000000000000000e+00
1.000000000000000000e+00
0.000000000000000000e+00
2.000000000000000000e+00
1.000000000000000000e+00
2.000000000000000000e+00
2.000000000000000000e+00
1.000000000000000000e+00
0.000000000000000000e+00
0.000000000000000000e+00
1.000000000000000000e+00
0.000000000000000000e+00
2.000000000000000000e+00
2.000000000000000000e+00
1.000000000000000000e+00
2.000000000000000000e+00
1.000000000000000000e+00
0.000000000000000000e+00
2.000000000000000000e+00
1.000000000000000000e+00
1.000000000000000000e+00
1.000000000000000000e+00
2.000000000000000000e+00
2.000000000000000000e+00
0.000000000000000000e+00
0.000000000000000000e+00
1.000000000000000000e+00
2.000000000000000000e+00
2.000000000000000000e+00
1.000000000000000000e+00
2.000000000000000000e+00
0.000000000000000000e+00
2.000000000000000000e+00
2.000000000000000000e+00
0.000000000000000000e+00
1.000000000000000000e+00
1.000000000000000000e+00
2.000000000000000000e+00
0.000000000000000000e+00
0.000000000000000000e+00
0.000000000000000000e+00
1.000000000000000000e+00
1.000000000000000000e+00
1.000000000000000000e+00
2.000000000000000000e+00
2.000000000000000000e+00
1.000000000000000000e+00
1.000000000000000000e+00
2.000000000000000000e+00
1.000000000000000000e+00
0.000000000000000000e+00
0.000000000000000000e+00
2.000000000000000000e+00
1.000000000000000000e+00
0.000000000000000000e+00
2.000000000000000000e+00
1.000000000000000000e+00
2.000000000000000000e+00
2.000000000000000000e+00
0.000000000000000000e+00
0.000000000000000000e+00
0.000000000000000000e+00
0.000000000000000000e+00
2.000000000000000000e+00
0.000000000000000000e+00
0.000000000000000000e+00
0.000000000000000000e+00
0.000000000000000000e+00
1.000000000000000000e+00
2.000000000000000000e+00
1.000000000000000000e+00
2.000000000000000000e+00
2.000000000000000000e+00
0.000000000000000000e+00
2.000000000000000000e+00
1.000000000000000000e+00
2.000000000000000000e+00
1.000000000000000000e+00
2.000000000000000000e+00
0.000000000000000000e+00
0.000000000000000000e+00
2.000000000000000000e+00
2.000000000000000000e+00
2.000000000000000000e+00
0.000000000000000000e+00
2.000000000000000000e+00
0.000000000000000000e+00
0.000000000000000000e+00
2.000000000000000000e+00
2.000000000000000000e+00
0.000000000000000000e+00
0.000000000000000000e+00
0.000000000000000000e+00
0.000000000000000000e+00
2.000000000000000000e+00
0.000000000000000000e+00
0.000000000000000000e+00
2.000000000000000000e+00
2.000000000000000000e+00
0.000000000000000000e+00
0.000000000000000000e+00
0.000000000000000000e+00
1.000000000000000000e+00
0.000000000000000000e+00
2.000000000000000000e+00
0.000000000000000000e+00
1.000000000000000000e+00
2.000000000000000000e+00
1.000000000000000000e+00
1.000000000000000000e+00
1.000000000000000000e+00
0.000000000000000000e+00
2.000000000000000000e+00
1.000000000000000000e+00
0.000000000000000000e+00
0.000000000000000000e+00
0.000000000000000000e+00
0.000000000000000000e+00
1.000000000000000000e+00
0.000000000000000000e+00
0.000000000000000000e+00
2.000000000000000000e+00
1.000000000000000000e+00
2.000000000000000000e+00
1.000000000000000000e+00
0.000000000000000000e+00
2.000000000000000000e+00
0.000000000000000000e+00
0.000000000000000000e+00
2.000000000000000000e+00
1.000000000000000000e+00
1.000000000000000000e+00
1.000000000000000000e+00
0.000000000000000000e+00
2.000000000000000000e+00
1.000000000000000000e+00
2.000000000000000000e+00
0.000000000000000000e+00
2.000000000000000000e+00
2.000000000000000000e+00
1.000000000000000000e+00
1.000000000000000000e+00
2.000000000000000000e+00
1.000000000000000000e+00
2.000000000000000000e+00
1.000000000000000000e+00
2.000000000000000000e+00
1.000000000000000000e+00
2.000000000000000000e+00
1.000000000000000000e+00
2.000000000000000000e+00
2.000000000000000000e+00
1.000000000000000000e+00
2.000000000000000000e+00
0.000000000000000000e+00
2.000000000000000000e+00
1.000000000000000000e+00
2.000000000000000000e+00
0.000000000000000000e+00
0.000000000000000000e+00
2.000000000000000000e+00
2.000000000000000000e+00
2.000000000000000000e+00
2.000000000000000000e+00
1.000000000000000000e+00
1.000000000000000000e+00
2.000000000000000000e+00
0.000000000000000000e+00
2.000000000000000000e+00
1.000000000000000000e+00
2.000000000000000000e+00
1.000000000000000000e+00
2.000000000000000000e+00
2.000000000000000000e+00
2.000000000000000000e+00
0.000000000000000000e+00
2.000000000000000000e+00
1.000000000000000000e+00
0.000000000000000000e+00
1.000000000000000000e+00
1.000000000000000000e+00
2.000000000000000000e+00
2.000000000000000000e+00
1.000000000000000000e+00
1.000000000000000000e+00
2.000000000000000000e+00
2.000000000000000000e+00
1.000000000000000000e+00
0.000000000000000000e+00
1.000000000000000000e+00
2.000000000000000000e+00
2.000000000000000000e+00
0.000000000000000000e+00
0.000000000000000000e+00
0.000000000000000000e+00
0.000000000000000000e+00
1.000000000000000000e+00
0.000000000000000000e+00
2.000000000000000000e+00
0.000000000000000000e+00
0.000000000000000000e+00
2.000000000000000000e+00
1.000000000000000000e+00
1.000000000000000000e+00
1.000000000000000000e+00
2.000000000000000000e+00
1.000000000000000000e+00
1.000000000000000000e+00
1.000000000000000000e+00
2.000000000000000000e+00
2.000000000000000000e+00
2.000000000000000000e+00
1.000000000000000000e+00
2.000000000000000000e+00
2.000000000000000000e+00
1.000000000000000000e+00
0.000000000000000000e+00
1.000000000000000000e+00
1.000000000000000000e+00
0.000000000000000000e+00
0.000000000000000000e+00
2.000000000000000000e+00
0.000000000000000000e+00
2.000000000000000000e+00
1.000000000000000000e+00
1.000000000000000000e+00
2.000000000000000000e+00
2.000000000000000000e+00
0.000000000000000000e+00
0.000000000000000000e+00
2.000000000000000000e+00
0.000000000000000000e+00
1.000000000000000000e+00
1.000000000000000000e+00
0.000000000000000000e+00
0.000000000000000000e+00
0.000000000000000000e+00
2.000000000000000000e+00
2.000000000000000000e+00
1.000000000000000000e+00
1.000000000000000000e+00
2.000000000000000000e+00
2.000000000000000000e+00
1.000000000000000000e+00
0.000000000000000000e+00
2.000000000000000000e+00
0.000000000000000000e+00
1.000000000000000000e+00
0.000000000000000000e+00
0.000000000000000000e+00
1.000000000000000000e+00
2.000000000000000000e+00
0.000000000000000000e+00
2.000000000000000000e+00
1.000000000000000000e+00
2.000000000000000000e+00
0.000000000000000000e+00
1.000000000000000000e+00
0.000000000000000000e+00
2.000000000000000000e+00
2.000000000000000000e+00
1.000000000000000000e+00
0.000000000000000000e+00
0.000000000000000000e+00
2.000000000000000000e+00
0.000000000000000000e+00
0.000000000000000000e+00
1.000000000000000000e+00
2.000000000000000000e+00
1.000000000000000000e+00
0.000000000000000000e+00
2.000000000000000000e+00
1.000000000000000000e+00
1.000000000000000000e+00
2.000000000000000000e+00
0.000000000000000000e+00
2.000000000000000000e+00
2.000000000000000000e+00
0.000000000000000000e+00
0.000000000000000000e+00
1.000000000000000000e+00
1.000000000000000000e+00
2.000000000000000000e+00
1.000000000000000000e+00
1.000000000000000000e+00
0.000000000000000000e+00
2.000000000000000000e+00
1.000000000000000000e+00
1.000000000000000000e+00
0.000000000000000000e+00
0.000000000000000000e+00
2.000000000000000000e+00
1.000000000000000000e+00
2.000000000000000000e+00
2.000000000000000000e+00
1.000000000000000000e+00
1.000000000000000000e+00
1.000000000000000000e+00
0.000000000000000000e+00
2.000000000000000000e+00
2.000000000000000000e+00
2.000000000000000000e+00
1.000000000000000000e+00
1.000000000000000000e+00
1.000000000000000000e+00
2.000000000000000000e+00
1.000000000000000000e+00
0.000000000000000000e+00
2.000000000000000000e+00
2.000000000000000000e+00
0.000000000000000000e+00
1.000000000000000000e+00
1.000000000000000000e+00
1.000000000000000000e+00
0.000000000000000000e+00
0.000000000000000000e+00
0.000000000000000000e+00
1.000000000000000000e+00
0.000000000000000000e+00
0.000000000000000000e+00
2.000000000000000000e+00
2.000000000000000000e+00
0.000000000000000000e+00
1.000000000000000000e+00
0.000000000000000000e+00
1.000000000000000000e+00
0.000000000000000000e+00
2.000000000000000000e+00
2.000000000000000000e+00
1.000000000000000000e+00
1.000000000000000000e+00
1.000000000000000000e+00
1.000000000000000000e+00
0.000000000000000000e+00
1.000000000000000000e+00
0.000000000000000000e+00
1.000000000000000000e+00
0.000000000000000000e+00
1.000000000000000000e+00
2.000000000000000000e+00
1.000000000000000000e+00
2.000000000000000000e+00
1.000000000000000000e+00
2.000000000000000000e+00
1.000000000000000000e+00
2.000000000000000000e+00
0.000000000000000000e+00
0.000000000000000000e+00
0.000000000000000000e+00
0.000000000000000000e+00
0.000000000000000000e+00
1.000000000000000000e+00
1.000000000000000000e+00
0.000000000000000000e+00
1.000000000000000000e+00
0.000000000000000000e+00
0.000000000000000000e+00
1.000000000000000000e+00
0.000000000000000000e+00
2.000000000000000000e+00
0.000000000000000000e+00
0.000000000000000000e+00
2.000000000000000000e+00
0.000000000000000000e+00
2.000000000000000000e+00
1.000000000000000000e+00
0.000000000000000000e+00
2.000000000000000000e+00
1.000000000000000000e+00
1.000000000000000000e+00
1.000000000000000000e+00
0.000000000000000000e+00
0.000000000000000000e+00
1.000000000000000000e+00
1.000000000000000000e+00
2.000000000000000000e+00
1.000000000000000000e+00
1.000000000000000000e+00
2.000000000000000000e+00
0.000000000000000000e+00
2.000000000000000000e+00
1.000000000000000000e+00
0.000000000000000000e+00
0.000000000000000000e+00
2.000000000000000000e+00
2.000000000000000000e+00
1.000000000000000000e+00
0.000000000000000000e+00
1.000000000000000000e+00
0.000000000000000000e+00
2.000000000000000000e+00
0.000000000000000000e+00
2.000000000000000000e+00
0.000000000000000000e+00
0.000000000000000000e+00
2.000000000000000000e+00
0.000000000000000000e+00
1.000000000000000000e+00
2.000000000000000000e+00
1.000000000000000000e+00
2.000000000000000000e+00
0.000000000000000000e+00
1.000000000000000000e+00
2.000000000000000000e+00
1.000000000000000000e+00
1.000000000000000000e+00
2.000000000000000000e+00
1.000000000000000000e+00
1.000000000000000000e+00
2.000000000000000000e+00
1.000000000000000000e+00
1.000000000000000000e+00
1.000000000000000000e+00
2.000000000000000000e+00
0.000000000000000000e+00
0.000000000000000000e+00
2.000000000000000000e+00
1.000000000000000000e+00
0.000000000000000000e+00
1.000000000000000000e+00
0.000000000000000000e+00
2.000000000000000000e+00
2.000000000000000000e+00
0.000000000000000000e+00
0.000000000000000000e+00
0.000000000000000000e+00
2.000000000000000000e+00
1.000000000000000000e+00
2.000000000000000000e+00
0.000000000000000000e+00
2.000000000000000000e+00
2.000000000000000000e+00
2.000000000000000000e+00
0.000000000000000000e+00
2.000000000000000000e+00
2.000000000000000000e+00
1.000000000000000000e+00
1.000000000000000000e+00
0.000000000000000000e+00
2.000000000000000000e+00
2.000000000000000000e+00
0.000000000000000000e+00
0.000000000000000000e+00
2.000000000000000000e+00
1.000000000000000000e+00
0.000000000000000000e+00
0.000000000000000000e+00
2.000000000000000000e+00
1.000000000000000000e+00
1.000000000000000000e+00
2.000000000000000000e+00
0.000000000000000000e+00
1.000000000000000000e+00
0.000000000000000000e+00
1.000000000000000000e+00
2.000000000000000000e+00
1.000000000000000000e+00
0.000000000000000000e+00
1.000000000000000000e+00
1.000000000000000000e+00
2.000000000000000000e+00
2.000000000000000000e+00
0.000000000000000000e+00
2.000000000000000000e+00
2.000000000000000000e+00
0.000000000000000000e+00
1.000000000000000000e+00
1.000000000000000000e+00
2.000000000000000000e+00
0.000000000000000000e+00
2.000000000000000000e+00
1.000000000000000000e+00
0.000000000000000000e+00
1.000000000000000000e+00
0.000000000000000000e+00
1.000000000000000000e+00
2.000000000000000000e+00
1.000000000000000000e+00
1.000000000000000000e+00
1.000000000000000000e+00
2.000000000000000000e+00
0.000000000000000000e+00
0.000000000000000000e+00
0.000000000000000000e+00
1.000000000000000000e+00
0.000000000000000000e+00
2.000000000000000000e+00
2.000000000000000000e+00
1.000000000000000000e+00
1.000000000000000000e+00
2.000000000000000000e+00
2.000000000000000000e+00
0.000000000000000000e+00
0.000000000000000000e+00
1.000000000000000000e+00
2.000000000000000000e+00
1.000000000000000000e+00
0.000000000000000000e+00
1.000000000000000000e+00
1.000000000000000000e+00
2.000000000000000000e+00
1.000000000000000000e+00
1.000000000000000000e+00
0.000000000000000000e+00
0.000000000000000000e+00
2.000000000000000000e+00
2.000000000000000000e+00
2.000000000000000000e+00
2.000000000000000000e+00
2.000000000000000000e+00
0.000000000000000000e+00
0.000000000000000000e+00
1.000000000000000000e+00
1.000000000000000000e+00
2.000000000000000000e+00
2.000000000000000000e+00
1.000000000000000000e+00
0.000000000000000000e+00
0.000000000000000000e+00
1.000000000000000000e+00
2.000000000000000000e+00
0.000000000000000000e+00
0.000000000000000000e+00
1.000000000000000000e+00
2.000000000000000000e+00
0.000000000000000000e+00
0.000000000000000000e+00
1.000000000000000000e+00
2.000000000000000000e+00
0.000000000000000000e+00
2.000000000000000000e+00
0.000000000000000000e+00
1.000000000000000000e+00
2.000000000000000000e+00
1.000000000000000000e+00
0.000000000000000000e+00
0.000000000000000000e+00
0.000000000000000000e+00
0.000000000000000000e+00
0.000000000000000000e+00
2.000000000000000000e+00
2.000000000000000000e+00
1.000000000000000000e+00
0.000000000000000000e+00
2.000000000000000000e+00
1.000000000000000000e+00
2.000000000000000000e+00
1.000000000000000000e+00
0.000000000000000000e+00
0.000000000000000000e+00
1.000000000000000000e+00
2.000000000000000000e+00
2.000000000000000000e+00
2.000000000000000000e+00
2.000000000000000000e+00
1.000000000000000000e+00
2.000000000000000000e+00
0.000000000000000000e+00
0.000000000000000000e+00
0.000000000000000000e+00
0.000000000000000000e+00
0.000000000000000000e+00
1.000000000000000000e+00
2.000000000000000000e+00
1.000000000000000000e+00
1.000000000000000000e+00
1.000000000000000000e+00
2.000000000000000000e+00
2.000000000000000000e+00
2.000000000000000000e+00
0.000000000000000000e+00
2.000000000000000000e+00
0.000000000000000000e+00
2.000000000000000000e+00
1.000000000000000000e+00
1.000000000000000000e+00
0.000000000000000000e+00
2.000000000000000000e+00
2.000000000000000000e+00
1.000000000000000000e+00
0.000000000000000000e+00
0.000000000000000000e+00
1.000000000000000000e+00
0.000000000000000000e+00
2.000000000000000000e+00
2.000000000000000000e+00
0.000000000000000000e+00
1.000000000000000000e+00
2.000000000000000000e+00
0.000000000000000000e+00
0.000000000000000000e+00
1.000000000000000000e+00
1.000000000000000000e+00
1.000000000000000000e+00
0.000000000000000000e+00
2.000000000000000000e+00
1.000000000000000000e+00
0.000000000000000000e+00
1.000000000000000000e+00
0.000000000000000000e+00
0.000000000000000000e+00
2.000000000000000000e+00
0.000000000000000000e+00
1.000000000000000000e+00
0.000000000000000000e+00
2.000000000000000000e+00
1.000000000000000000e+00
1.000000000000000000e+00
1.000000000000000000e+00
0.000000000000000000e+00
1.000000000000000000e+00
0.000000000000000000e+00
2.000000000000000000e+00
1.000000000000000000e+00
0.000000000000000000e+00
1.527119148246327995e+00 1.049243567824752255e+00
-1.438061208152819459e+00 -3.522084332646185256e+00
-2.297434681160228198e+00 -9.902854491340843168e+00
-1.304885667797301974e-01 -1.073245781006814425e+01
3.469771041577554005e-01 -2.626916461855435703e+00
-9.258450326310390111e+00 -9.755833232114147435e+00
-1.551993814730992849e+00 -5.368914282972372831e+00
3.446801333133046708e+00 -1.921667679232146542e+00
-4.217802356153585563e+00 -8.890378986229364955e+00
-4.917396643630307373e-01 -3.331161329653901770e+00
3.539713903567183184e+00 -3.193335719888775071e+00
2.204462515062393990e+00 -8.323241220631389936e+00
3.151548673685342639e-01 1.680485722704840867e-01
2.726596547862240705e+00 -8.573587354907877156e+00
6.259893160524594435e-01 -3.174787561084467136e+00
-6.816997426750408540e-01 -5.696296415152482417e+00
6.450704042041550679e-01 -6.992758018103893747e+00
1.557133239700471350e+00 -5.593863022216380543e+00
-3.746959010488801312e+00 -7.707011059650243912e-01
-1.263150210977113996e+00 -2.267105820596231780e+00
-5.954586380231255305e+00 -8.229131045239478581e+00
-2.027019617785112970e-01 -7.614814120038374767e+00
2.038703306978773000e-02 -5.646337672626569493e+00
-2.429300061588374859e+00 -5.420849095441537813e+00
-3.841552274279034229e-01 1.441691448312703905e+00
-9.756469722836160763e-01 -6.823967285121425030e-01
1.158727825288559998e+00 -7.635185222845529474e+00
-4.379490795731485697e+00 -4.532110641587614452e-01
-5.395294317595020761e-01 -1.388780276130401958e+01
4.780708189490570081e-01 1.992731146005930043e+00
-1.781608280211064876e+00 -1.121130815429727789e+01
-3.061368705807745894e+00 -6.032973660288226903e+00
-4.857062129794056382e-01 -1.581799517163663404e+00
-4.051663981585340579e-02 9.083313013405653891e-01
1.856491074642552030e+00 8.198005073926353248e-01
-2.407110226396905972e+00 -9.704887652124117636e+00
2.890936073167102549e+00 -1.443651416281646149e+01
-3.908401336624482525e+00 4.761307639776053424e-01
-1.005294977561253855e+00 -7.914424345233311620e+00
-3.813026679006519259e+00 -1.116093570222582620e+01
-2.488821487889707917e+00 -1.179252349988687776e+00
-2.438152935116221443e+00 -4.034667406302696602e-01
-1.054621244488846532e+00 4.542893459708494674e-01
-8.837550038869299129e+00 3.408518132878213258e+00
-1.582358674382479791e+00 -6.090266853554293647e+00
-4.323491147720416095e+00 -1.282726725255503908e+01
-2.250842167389496495e+00 -8.210001239844531895e+00
9.507050314214507969e-01 1.701523415067897282e+00
1.918318342353722894e+00 -3.460416312827645946e+00
-1.398812676240742014e+00 -8.503465063281231195e+00
-2.642785521308255614e+00 -7.938363211045827761e+00
-5.087077935910488513e+00 -8.500640623714550870e+00
5.539203815612272486e-01 -9.337563587837609091e+00
7.213992661906010184e-01 -2.690832958941880015e+00
2.294148689704099908e+00 -5.051723613729740769e+00
4.521679565094181008e-01 -3.738239231543314389e-01
3.609531674908348364e+00 -1.248731564829217433e+00
-3.929478640501631759e+00 -4.845314884026628022e+00
4.136376467179778693e-01 -6.875587826254140333e-01
1.017252053687079938e-01 -4.636486561518856853e+00
-1.247445217113144045e+00 -8.700593213815132287e+00
-2.242906080657088630e+00 -8.732934714239284801e+00
-4.108181287862889164e+00 1.581154313829602032e+00
-4.576318798148093947e+00 -4.728014194255145242e+00
-1.913920031446947334e+00 -1.445467959674185643e+01
2.917869615152306473e+00 -3.513347757043551400e+00
4.457700078312401892e+00 -9.617264972838366788e+00
1.023352668374646779e+00 1.428616792088359677e-01
-4.418747793835982485e+00 -5.593578779318443495e+00
-2.296567855247513723e+00 -1.019002745599997795e+01
-4.369868548067625369e+00 1.167560961238341299e+00
8.406495396664501740e-01 -5.296788999100916939e+00
-1.442800037627694820e+00 3.345464018209331591e+00
9.480926958767401658e-01 -2.660008083192596295e+00
6.740286203941173504e+00 -6.274766669980616385e+00
-3.034700085017202120e+00 -2.569203709447609896e+00
2.627984960696401195e+00 -1.167759294489924882e+00
-3.081663173387888754e+00 -4.636855652252398485e+00
-3.403744634744136466e+00 -1.127292376417696751e+00
-5.055666332717256850e-02 -3.430089664687234308e+00
-2.046176701377190543e+00 -1.667327122535899875e+00
-9.524229602096423442e-02 -1.309291577177634558e+01
2.676742151836457140e+00 -4.326776397886932912e+00
-6.100127855253789644e-01 -7.326807864021983363e+00
1.179553392443225768e+00 -1.137483141119746222e+01
-5.749760011529700954e-01 -2.847289295704376055e+00
1.482344450303620054e+00 -6.886084139780099811e+00
-6.115841091669959262e+00 -6.723102506716637450e+00
-5.210555647829817616e-01 -4.142618789193639905e+00
-3.912969742257765837e+00 -2.878611108074463854e+00
2.416651666717903879e-01 7.801648900778177520e-01
-5.536533610605527400e+00 -1.023679771855164589e+01
-1.004891250539667880e-01 -3.771501678480867703e+00
1.165516167152204297e+00 -1.570624245893047899e+01
-4.418006875253079890e-01 -1.494816916876468582e+01
1.792336258337392074e+00 -3.192312138854131121e+00
3.692916839582883970e+00 9.272029043313358976e-01
-2.720057291757877582e+00 -1.254042266186996279e+01
-1.005927011917889358e+00 -3.447978827105436572e+00
-1.386860465149233335e-01 -1.013288116967681241e+01
4.656533972528357879e+00 -6.450702971969311861e+00
-5.891262163583129485e+00 -5.097650473240820546e+00
-3.045034981709348276e+00 -1.097112731308626188e+00
4.626818912266631445e-01 6.745380556915558046e+00
5.124618810752304965e-01 -1.134472699354794667e+00
-8.201254672128710510e-01 -9.461007174335465120e-01
-1.196834795542758290e+00 3.865140278573950816e-01
-1.827594826986961518e+00 -1.496627438198390259e+01
-1.799315452836349305e+00 -1.066751456694259836e+01
-3.948449871919237353e-01 3.047367520688744058e+00
-2.973582253344657644e+00 -1.574489775030834693e+01
-3.031486722732967376e+00 -8.079326413337660995e+00
1.090733712237431208e+00 -3.676086038535492762e+00
-2.941663403425716083e+00 -5.309777918439719357e+00
-6.317539383688787202e-01 -1.505731252181266555e+01
-1.526838082259315721e+00 -1.039547511799114510e+01
-1.081722706656416788e+00 -7.874800311691464216e+00
-5.389017975038729702e+00 -1.470463629043090137e+00
2.280782272603153693e+00 -3.384997215652378433e+00
-9.748675866003119195e-01 -2.458995945062871780e+00
2.013928159114561023e+00 -1.253510951440804178e+01
6.232694327120924527e-01 -8.155190309362343015e+00
7.741779496868037569e-01 -1.460409251509545214e+01
-4.825639527326808675e+00 -3.176479009483295091e+00
1.236036999364263256e+00 -9.031991513311954378e+00
5.488606099928774462e-01 -7.503069340152640265e+00
1.384432997498509454e+00 -6.281399184379805156e+00
-2.938950275849591343e+00 -8.582894923901697837e+00
3.631049050811419043e-01 6.845795238452661025e-01
-7.388725364252857197e-01 -7.821982540968737574e+00
-3.530142630005444815e+00 -9.594009278669243912e+00
-6.111599732692813980e+00 -7.981656071532031049e+00
-1.108349117596592937e+00 -9.004209903491515732e+00
-1.465007211026073453e+00 -1.234016681982214969e+01
-1.823922542518361833e+00 3.800581379908670066e+00
-5.868276023648578921e+00 -1.040543857368695058e+01
-6.027134428886112616e+00 -3.399637059703060959e+00
1.752021905298730697e+00 -3.029611399364383395e+00
-1.133043609901605908e+00 -8.594311545510116446e+00
1.054764914264135767e+00 -4.625029824320618488e+00
-1.192655824417290011e+00 -1.598652570242019344e+00
4.138415532810548747e+00 -2.952645782620895165e-01
1.328692635474910233e+00 -1.274274708796949795e+01
1.154781190249525080e+00 2.697700587015341434e+00
-3.255275820774408135e+00 -2.185072067200935386e+00
-1.786574429052603108e+00 5.073790346775832738e-01
-4.516320422316694838e+00 -9.508420251812809809e+00
-3.342737116404057574e-01 -3.882850747653132650e+00
1.418173917566688313e+00 -5.025863967180898229e+00
2.567086052680342512e+00 -2.430977340083295246e+00
2.245177227433956091e+00 -1.735803400156802567e+00
-2.371606675938160436e-01 -1.953378647154705883e+00
1.647836875271940782e+00 -1.419343431579176418e+00
-4.733110789583370170e+00 -1.076104277600798298e+01
-1.225571670283575720e+00 -4.130807283608442404e+00
-1.972540981493686063e+00 -6.814108409776848063e+00
2.602022276571470671e-01 -5.738866788825590426e+00
2.093029150693666907e+00 -5.656931598287346041e+00
-7.410178887030123285e-01 -6.224812927945210239e-01
3.874216181480381049e+00 -1.990297743724207535e+00
-4.539746415811951152e+00 -1.017422785528546747e+01
1.707279585897309993e+00 -1.555271105825866584e+00
9.819543255665186265e-01 -4.480071543080564211e+00
1.868090069565029765e+00 -3.955143951275810643e+00
-6.236702830884667037e+00 -1.150846073044466422e+01
4.956148500647231891e+00 -4.895167953695157559e-01
5.244454838416743314e-01 -9.470496891298765263e+00
3.361817238805456132e+00 -1.535796019948669766e+00
-2.331805443151496071e+00 -3.063823949078585684e+00
-1.448227887271753112e+00 -2.140441049101865723e+00
-3.799902207425291945e-01 -1.697414097024450674e+00
-3.077720923089467320e+00 -2.380759439966878777e+00
-6.459676656183837906e+00 -6.176341089498811776e+00
-2.424651402455183291e+00 -9.282008336003739757e+00
-3.783372982687255082e+00 -3.305225246165944153e+00
3.838951026019504553e+00 4.273637902304514569e-01
2.025077729700564433e+00 -1.779562212816100608e+00
8.573574310537681598e-01 -3.195836348525279202e+00
-1.530623511773507861e+00 4.303234347644089297e+00
6.228280185963981364e-01 -4.532303927142700140e+00
-6.172806422134751170e-01 -2.930529188094219695e+00
4.506271962586223534e-01 -7.328058278063494413e+00
-5.063267796149113487e-01 3.120144761151841806e+00
-3.251615496679610917e+00 -2.875982973784232843e+00
-3.042123778408919232e+00 -3.299828970320517918e+00
2.126047479158126308e+00 -5.611942632150263677e+00
-4.161254253840682704e-01 -1.657020600903369889e+00
2.313869946418282808e+00 5.434438266335201995e+00
5.503303020600474049e-01 -8.210984662113554933e+00
-1.847234111557181535e+00 -1.082946116559114635e+01
-3.960929584400237680e+00 -7.225768297931173478e+00
7.409515009515423856e-01 -3.226195204414921136e+00
2.608430400509597735e+00 -2.460908521592550358e+00
3.297082796754234879e-01 2.267557107137439409e+00
-3.394785479407496531e+00 -3.144085558639236666e+00
-3.830088465305122813e+00 -1.203850075350742799e+01
-2.475613689381673588e+00 -4.448784513817176212e+00
8.077597388057045080e-01 -2.183568176037751662e+00
5.206838796724889029e+00 -2.798089602184621327e+00
-3.750690415705186798e+00 -6.829369881218985583e+00
-3.898053479513541308e+00 9.836948202759012716e-01
-2.777442449386648970e+00 -2.706198958692248802e+00
2.119192957728814442e+00 -3.570805992113914140e+00
1.990468413184019347e+00 -5.156576443554749645e+00
-4.195693596030514172e-02 -2.641430620426313158e+00
1.135204853886832232e+00 -6.939619677341362092e+00
7.630643726723669307e-01 -5.380650087023191031e-01
-7.125864513555257851e-01 -6.224180581803307355e+00
-2.394659330227349336e+00 1.422545195476132562e-03
-1.802577384317353149e+00 -6.556022481278589886e+00
-3.826099960461912808e+00 -8.486856419121503237e+00
3.389680485126216336e+00 -6.458140697428100374e+00
4.531248602915432855e+00 -2.002040775112900128e+00
9.932394857720932002e-01 -2.721216129056336364e+00
-5.727498390627937752e+00 -6.942539687915934010e+00
-4.327202811724228049e+00 -8.043411677782811964e+00
3.565426848374987578e+00 -8.204656730162181333e+00
4.593966114219625752e+00 -4.040809943763219447e-01
3.742601764793480612e-01 -2.604851324997301099e+00
1.586499298611542264e+00 -2.830437389402473691e-01
1.855200221850886066e+00 -4.897649658901631398e+00
8.508477546739912079e-01 -3.884353540622439649e+00
-3.442404414984168604e+00 2.029655316062242143e+00
1.602243877369759595e+00 -7.206364321941864937e+00
1.123611137370175594e+00 -6.017877501686349717e+00
-4.544586663563727313e+00 -1.175504202310057522e+01
6.247739912121355488e+00 8.644518864019943294e-01
-3.875731849809909590e+00 -4.226020879028802746e+00
8.156471120170980527e-01 -4.164881332184339868e+00
-1.898646082415174519e+00 -3.466684376024733005e+00
-3.205125117935847090e+00 -5.495647586227783599e+00
-6.180793234914206735e+00 -3.797586807512408846e+00
-2.901465505828383140e+00 -5.704405268552421582e-01
-4.719120156637276686e+00 -4.072875057109533792e+00
-6.782585664703342232e+00 2.940608784532593667e+00
2.903386015971758383e+00 -1.417387606798229838e+00
-3.960888990303329305e+00 -8.900360755677652946e+00
3.122932074560313964e+00 -1.048850737901371666e+01
-2.832088104074099277e+00 -3.995053089307564420e+00
-3.654141387894371817e-01 -4.421741692712502392e+00
5.028255139630135595e-01 -9.715797375599464658e+00
-4.461507812730125977e+00 4.816397668447621072e+00
-7.532269768619162420e+00 -1.029171799039696822e+01
-3.009826179756199593e+00 7.552119642144830003e-01
2.832263357697661910e-01 -1.160605850399117678e+01
-1.155483778164714481e+00 -1.283525169878272365e+01
-2.263543752960486266e-01 -3.737987163826661519e+00
-1.345032547798339362e-01 -7.782649039114804879e+00
4.160324252582046967e+00 6.715442439715135770e-01
-3.430634311825104810e+00 1.817201314289642156e+00
-3.193066994612828502e+00 -1.304431222259802681e+01
5.220437555963584053e-01 -8.782950949974026589e-01
8.610952743352290328e-01 -3.635401319809025367e+00
1.017500419356260899e+00 -1.028018557743071604e+01
-6.271884820273796457e-01 -2.057085780577760037e+00
-3.375871806969090727e+00 -1.226815113701363202e+01
3.747388018680539723e-01 -1.115449363731557675e+00
-1.517547806871414551e+00 -2.515921417734908960e+00
4.672572212985031115e-01 -2.042629921747169508e+00
-2.739057699212890107e+00 -1.046718077343169284e+01
1.101052097584417577e+00 9.312899919821351347e-01
7.480636793940631080e+00 6.791015930503041531e-01
-1.774081328433265270e+00 -2.850476203259105112e+00
-6.691119263485294510e+00 -8.953170175187285196e+00
-7.752985274827404183e+00 -4.107348219701969505e+00
2.186489811726727517e+00 -1.024506674147568752e+01
2.209117926288424627e+00 -5.458057573675180407e+00
-5.232803766422037484e+00 -1.555825613894593396e+01
4.953362573526058910e-01 2.564921657998057825e+00
-8.996402455522283237e-01 -1.084730212945254735e+00
2.010361997694003922e+00 -1.314034630122204561e+00
2.821604314621448673e+00 -5.827818464273303078e+00
9.146360529467756351e-02 -9.993580016793742971e+00
-3.671338759257503526e+00 -7.851030498271245328e-01
-1.906212844497468639e+00 -9.068621389527290688e+00
-2.179265834833227444e+00 -1.082250495267832680e+00
2.766728153272239865e-01 -1.096046009780580377e+01
-1.142641664098126064e+00 -2.166903897083269470e+00
-3.064269453917131791e+00 -1.042591089157611428e+01
1.515560116517010947e+00 -5.076478965283225619e+00
-4.509973781869769383e-01 -8.200246309929386967e+00
-9.257507431439515599e-02 1.970391172179051686e+00
-3.403180080573065869e+00 -7.573060127594565039e+00
-2.320923552542819124e+00 -8.247144814427059600e+00
2.254451503273685375e+00 -2.345830698075916487e+00
-1.687683471702221549e-01 -5.402573775424385438e+00
3.143893845740674209e+00 -2.487103223185920253e-01
-8.796476353383109625e+00 -4.003491992038166636e+00
-4.890880331719812624e+00 -3.578363186282603969e+00
-3.019930538421430555e+00 -3.377960148438842847e+00
-3.798061343045639582e+00 -5.780346822336245971e+00
-1.920747060593054556e+00 1.676905898775532755e+00
3.615369997122730439e-01 -7.767716825909877443e+00
-3.928228421882471899e+00 -6.827242780838070679e+00
4.288133883293732129e-01 -6.156689177630588761e-01
2.194506100485847266e+00 -3.422514715841890265e+00
1.786700369761944573e+00 -5.409775135191162043e+00
-2.994246780809652897e+00 -8.604179161452366387e+00
6.145181321947990050e-01 -2.873627050690632068e+00
4.225896211434549521e+00 -8.159405746196844333e+00
1.410347137979321319e+00 -4.684764418649408846e+00
4.785103360023734709e-01 -9.542637238758413076e+00
-1.362697252627104838e+00 -5.777475071055193645e+00
4.410694773496845578e+00 -1.136871281583769289e+01
-1.743331844234267569e+00 -1.472934177487901763e+01
2.221034540709658778e+00 -3.381894515178336835e+00
-3.986840161371429936e+00 -1.125439218985050971e+01
-1.038052453407309006e+00 -8.488698399176148879e-01
4.060214556105190553e-01 -1.042975744694535756e+01
-9.056310180023912082e-01 -7.211968934284517019e+00
-6.107145838608379229e+00 -4.972701347272447947e+00
-6.681400230111536054e-01 -1.785939217030749537e+00
2.842793845112122630e-01 3.410462859593685891e+00
1.030340535150267911e+00 -4.733303609753885866e+00
-1.605127263145967209e+00 2.908015285360967539e+00
-4.453958613746941353e+00 -1.220849820822272136e+01
-3.783647579316359089e+00 -1.247235442466470801e+01
3.997663547729766620e+00 2.289978341175493703e+00
-1.587038716605667865e+00 2.820409268338551101e+00
2.289216500352013739e+00 -4.347140334813164309e+00
-5.268141284673487412e+00 -1.171826460620003374e+01
5.609457539355794609e+00 -3.717447107469546097e+00
2.356119108555883024e-01 -4.662988771018892198e-01
-7.205373972018860318e-01 -9.956763036007494350e+00
7.833705196027969109e-01 -8.306426770481460053e+00
5.537288566972504711e-01 -9.071209280476889347e+00
-6.022876202630415676e+00 -3.758859940655635778e+00
6.181451768835017901e+00 -1.083555852649412721e+01
-3.211336657630364577e+00 -1.550782894578441073e+01
-7.785957453869741585e+00 -1.147701586169468335e+01
-5.764105464965955328e+00 -2.685248345979789786e+00
-5.022519251993943890e+00 -9.714114112327834505e+00
5.861351424134310761e+00 -1.210821935361751933e+01
1.124890010844579180e+00 -2.295480139809809028e+00
-3.341434275088600803e+00 -6.847646638260036944e+00
-1.091604663547842691e+00 -3.957576401928752041e+00
-2.538051403617991308e+00 -9.878462058752404573e+00
1.092528973231741318e+01 -5.544154395890951825e+00
8.346553393729128079e-01 -1.104574121288090183e+00
-5.396358056838819195e+00 -3.894928661726987595e+00
2.077769107587528641e+00 5.251641412624593386e+00
-3.703986584337290999e-01 -1.197109989757338866e+01
-8.403310009358685662e+00 -9.305915557600160426e+00
3.620316348106546123e+00 -1.325879073166217559e+00
3.281232924531225059e+00 -1.516133200701281325e+00
2.161197870075898919e+00 -9.194804409906550902e+00
-3.239852760536031884e+00 -6.954106518728153219e+00
-4.259063589401598904e+00 -5.165337437230451911e+00
-1.789661104053086760e+00 -9.274774828429801943e+00
-4.010298885027586024e+00 -5.952112785392585259e+00
2.622319656543013799e+00 -4.062605586786802725e+00
2.235560801377222351e+00 -4.362516805172839796e+00
6.924136290010518557e-02 -5.280297576054673314e+00
1.194007059151020123e+00 -5.736836601651071454e+00
1.997036653383503557e+00 -4.576051788141882071e+00
5.309124246479566267e-01 -9.720315719508162644e+00
-1.395294626927495951e+00 1.199083455436190437e+00
-4.063999271579912254e-01 -1.007346820781635266e+01
8.560817251176344733e-01 -1.488362348579993721e+01
-7.029993514187289350e+00 -1.616349924033456276e+01
2.029597667735152822e+00 -2.441961446425956694e+00
-3.378447258866545955e-01 -1.080249599874025801e+00
3.317604292730922388e-01 -4.050417812168626952e+00
-1.286721293388910059e+00 -9.899351011748050766e+00
-5.110104131774722447e+00 9.909030879190305896e-01
-6.016334956331792938e+00 -5.706613303315944741e+00
-3.527978089060896494e+00 1.088476206781322286e+00
2.927873328711210199e-01 -7.275636635246566009e+00
1.209265180495400216e+00 -8.473277508492598642e+00
-3.203670995663721044e-02 -9.655017151367873751e+00
-1.998677106830246686e-01 -1.291666095302069994e+00
1.151214234738762165e-01 3.461255779259955645e+00
-6.422304190448024031e+00 -9.711394055434279693e+00
-1.384158055163569934e+00 -7.392894106131159937e+00
8.559134246174274097e+00 -6.568891403321353906e+00
2.350780823980509027e+00 -4.566298553674320360e+00
1.056895329751039903e+01 -5.302232745392156943e+00
7.530282409146762390e-01 -4.649826195421084662e+00
3.266776109600112221e+00 -5.335149339832119253e-01
-3.313128689144049233e+00 -1.379979244365802771e+01
2.143067569079912360e+00 1.689376670992319696e-01
-1.759274347524084181e+00 -7.834635683974317644e+00
1.777172927178066075e+00 -6.016395869912473771e+00
-3.444996089716157783e+00 -3.496443227306135437e+00
-2.078702490212327003e+00 -1.189746823239027140e+00
-1.716833172904672189e+00 -1.316479080742662289e+00
1.957767342787683829e+00 -2.213681580855905384e+00
-2.108640433912138068e+00 -1.103212704463993354e+01
2.035388724120608117e-01 -4.100204178772385966e+00
9.873908201899986858e-01 -4.988545619713807611e+00
4.016751882618946112e+00 -5.581451488839046959e+00
-7.191562001452408204e+00 -1.280294486865223291e+01
4.647850818819085461e+00 -4.132058057253551908e+00
-2.989008431037143421e-01 -1.384755369837692029e+01
3.778891296526722954e-01 -1.200280440091666456e+01
-1.101244191825697438e+00 -5.063270602875961757e+00
-8.584404686723058120e+00 -9.143295848992227803e+00
1.535771165869454613e+00 -5.919617513430676325e+00
3.013135333393699433e-01 -4.626030530492340809e+00
-3.168258682408505500e+00 -2.123551237762681509e+00
5.294376618430050030e-01 -3.766126013595263888e+00
-3.786769276580170818e-01 -3.500473716164977489e+00
1.087076988587015514e+00 -1.434649677238616761e+01
-1.562114299492557201e+00 -3.847473807612378671e+00
-8.334930298164926477e-01 -1.930134562313265079e+00
-2.098311257541287667e-01 1.583952432147743838e-01
-3.856356652475048108e+00 1.142909411071240555e+00
-6.321086704133582757e+00 1.481608251279049604e-01
1.314371608572727279e+00 -4.355377111205037899e+00
-4.657813299252142158e+00 -8.015985365626912440e+00
2.288482453553074336e+00 -9.417870719870814256e+00
2.509344245013575225e+00 9.224033606450685596e-01
-1.197144349717891743e+00 -5.971978100968186709e+00
-8.168367906659190325e+00 -9.993369545576658908e+00
1.687200907340816514e+00 -2.566304720881716239e+00
-1.786001976593547536e+00 -3.674266451772306485e+00
8.426766409628925203e-01 -9.139313729660097252e+00
-4.698393086323040535e+00 -1.267720980313885804e+00
-1.151874571882993692e-01 -3.179463967239574806e+00
2.596523757680742062e-01 -1.048600773981532974e+01
2.229687877529958229e+00 -1.463791707726513458e+00
2.151187515547202889e+00 -5.017942544825746420e-01
-1.806568698935593575e+00 -1.573926951754223147e+00
4.212738013793959624e+00 -6.660947385228987550e+00
-4.462499066151220717e+00 -7.706475801259136560e+00
-4.577993884545197290e+00 -1.152606729683425080e+01
2.328630202089398527e+00 -2.350349845945330252e+00
-4.917577101471730661e-01 -4.375059374488833974e+00
2.116118733412932773e+00 6.074971707322829317e-02
5.777009045296543910e-02 -8.268974076683289098e+00
-3.770740773682558888e+00 -2.412851979642470557e+00
-3.006962405809375127e+00 -2.703074177895766539e+00
5.524199946277374984e-01 3.324688015049185097e+00
2.112301780433399223e+00 -5.328170784005142657e+00
2.722074899795938308e+00 -7.117668718203161715e-01
-4.087708700140877838e+00 -7.275243979057770538e+00
-2.294018405253221538e+00 -8.451837166852529393e+00
5.677882235221765050e-01 1.938435406029279662e-01
2.550566228820535297e+00 4.222203195107954166e-01
6.371212750479054776e+00 -1.390099510684182960e+01
-2.829899941801562235e+00 -5.854799588839535218e+00
3.625785250745014121e+00 -2.203113655576431906e-01
-1.922678850656072136e-01 -6.354184978809613860e+00
2.265418312082306151e+00 1.550530320327253797e+00
-2.130660506249856923e+00 -7.866202575070316172e+00
-2.373946965555221222e+00 -1.439431851438215659e+01
2.020056556458458275e-01 -4.842642425839242648e+00
-5.210913544003370923e+00 -8.391173447803412344e+00
-4.176973724992539161e+00 -6.333538082873195307e+00
-3.824699482919126092e-01 -7.443673829370153427e+00
3.945334608256777287e+00 -1.082397799202011157e+01
-1.039290102230512547e+00 -7.100901575860021353e+00
2.137184879405373827e-01 -9.101962837522656002e+00
-5.974787002976456041e-01 -1.052260951092292007e+00
-6.660807236751114857e+00 -5.475144691434632449e+00
-1.107584704514409601e+00 4.854262321555173898e-01
-1.958202250246280585e+00 -1.124638885028311996e+00
1.228714443191820216e+00 -2.866378703974383324e+00
-3.240726289263563764e+00 -5.254973411554749951e+00
-9.403540051325978144e-01 -4.904177626747348029e+00
4.333498239112335781e+00 -3.523444147899974510e+00
2.007082062939662848e+00 -3.333450713062022785e+00
6.062893383253230795e+00 -2.430515512261897104e+00
3.458587565769959404e+00 1.450673270632881540e+00
-5.920125790953173706e+00 -1.572943117067702090e+01
1.818985240622938981e+00 -1.046848266754429346e+01
1.796901274640168911e+00 -3.746579286211761506e+00
-1.966893131035122089e+00 -8.583154217625059701e+00
-3.178071646298845643e+00 -6.257666186042993850e-01
-2.666118001620066291e+00 -8.428809881178935370e+00
3.066041722647434575e-01 -3.870683275480498953e+00
-4.097098950376549809e+00 -7.595147941843222839e+00
8.604713859434354184e-01 -1.892270740801832218e+00
-1.583981726556142222e+00 -1.238358839421069391e+01
-1.813103600266647852e+00 -1.112182322869470497e-02
-9.054148109979887060e-02 -1.042532767040996688e+01
-6.615903881134451048e+00 -1.098384983198853604e+01
5.699070746203622306e+00 -1.138363474635153949e+01
-1.944064785353800895e+00 -1.300094222777052622e+01
-5.971121451127684443e-01 -1.404450221247468322e+00
-2.203908124942368651e+00 -1.013196915702084588e+01
-8.425817377284607890e-01 -1.068179353287364819e+01
-5.466091098234848289e+00 2.729449681284166651e+00
-3.947782349823520498e+00 -5.897297605330923176e+00
-2.685140735834620429e+00 -1.324563628478073696e+01
-3.118356630159633713e+00 -1.366180141444540119e+01
-2.911752101269414972e+00 -8.928570145247098466e+00
1.951863651308131109e-01 -4.230344099728757357e+00
-1.849414078374027604e-01 -7.159229263228077400e+00
1.070122421950412406e+00 -1.032674854688275445e+01
-4.750199468714349393e+00 -5.779371319348448388e+00
2.142275297175411986e+00 2.005273730808948329e+00
-4.930411122851929839e+00 -7.009236594771257600e-01
1.489594366699521055e+00 -3.581227898286134970e+00
3.973766341011299108e+00 -6.326248294506149783e+00
3.434278741548904890e+00 -1.029158975739157045e+00
-1.182405549222450558e+00 -1.440315603785669829e+01
3.711163985389740461e-01 -2.294895837493349688e+00
-7.128358542555386368e-01 -2.447152151251089869e+00
-6.913132749149459855e-01 -1.210916447348702896e+01
-4.228368956758540520e+00 -3.221427180948866820e+00
1.068958304860790243e+00 -1.070266450388361079e+01
-3.201358686040688184e+00 -9.758445231762912897e+00
2.218746499012262952e-01 -1.704487035899502789e+00
1.208273334680256994e+00 -7.589609461610812957e+00
3.315178991790943996e+00 -1.543901268482010991e+01
-2.237263458749103595e-01 -1.225457022787979255e+01
1.752087335340812402e+00 -5.209852428424836646e+00
4.751464998974920917e+00 -3.816626809193158110e+00
-9.543659211114676744e-01 -8.578312521235330834e+00
1.181591039532554177e+00 -1.094894636722404968e+01
3.046146611389132453e+00 -6.639528608600269166e-01
9.757925904847168930e-01 -1.246275831279794666e+01
2.047327886925018881e+00 -1.477622854826944021e+01
-2.871244363399201305e+00 -2.375259326747512834e+00
2.546758028197257939e+00 -3.469498206859467970e+00
2.667635108845519687e-01 -4.622076150276862805e+00
2.112930499802157414e+00 -1.047756768530168525e+00
-1.771990454178709040e+00 -8.366608879661079357e+00
-5.999109632095287026e+00 -2.994531414362996635e+00
4.846947718175274034e+00 -3.257279743162406760e+00
1.682481932400595515e+00 -1.970821020542919744e+00
-2.313972969205555064e+00 -1.548771306288244176e+01
-9.367966831489222823e-01 -6.768170444859394230e+00
-4.070948030433967801e+00 -3.155030598159309196e+00
3.847273450176034171e-01 7.198881415946147833e-01
8.804348561131236650e+00 1.514196302241521686e+00
1.362860013079474797e+00 -1.688822623955158697e+00
-1.024142882780171515e+00 -5.981434789517695805e+00
-3.355681996857537541e+00 -6.401153217057841793e+00
-5.144350481199825964e+00 1.899294496721024572e-01
-2.445428920003879902e+00 -4.630369289080281447e+00
-6.549886575419185064e+00 -2.538978056953999030e+00
2.264893559422116454e+00 -3.894637058109850614e+00
1.494395623041383070e+00 3.330311499688056287e+00
-2.012732614829584765e+00 -7.451336146049117204e+00
-2.220771080087430960e+00 1.026727361438258157e+00
6.025881749699880885e+00 -5.287037332717546612e+00
-3.202875566288839515e+00 -7.090921009473168724e+00
-9.502489186976499358e-01 -1.522204501833343038e+01
-7.954963966523093788e+00 -7.358139705517829476e+00
1.518671724599517159e+00 6.454988254499527400e-01
3.038985833514081136e+00 -8.951581570715850589e+00
-1.848509751297067183e+00 -9.713131359501044670e+00
-1.829871678498668830e+00 -6.421911175334462207e+00
-1.087375891292872598e+00 -4.279020051171924521e+00
6.770303208396311057e-01 -8.462481584892183051e-01
-5.273902626583927500e+00 1.071238198743783343e+00
-5.999518029773781791e+00 -4.761137837020582353e+00
9.670877876172556675e-01 -4.040229336349836942e+00
-3.372848299047102039e-01 -6.078955344210632994e+00
-4.947670079055286330e-01 -4.900809003384584805e+00
-3.523714805041512133e+00 -9.454399610522198572e+00
-1.330001928625817342e+00 -4.907831040895349162e+00
-2.500330840921934694e+00 -3.921849879705626485e+00
-1.419002306887430676e+00 -5.153607281678876717e+00
3.518092890612978252e+00 3.930453980338510789e-02
-7.596010669791715131e-01 -3.708454490802157721e+00
-2.872356369763859885e+00 -1.927682417533571613e+00
-9.691460531825702773e+00 -3.027970955233324712e+00
-2.491778765173743082e+00 -1.363503136304976948e+01
-2.430079295843814435e+00 -2.140196557864366245e+00
1.213534402419635061e+00 -3.156464887744088177e-01
-3.253407044506681167e+00 -1.323582058238515735e+01
-5.971686672227511927e-01 -5.071173193724613171e+00
2.151243784110128399e+00 -1.899518380771730630e+00
-4.256927572070550170e-01 -5.274084662086942821e+00
-3.205874122198144605e+00 -2.603623285772488583e+00
2.354993310797038220e+00 4.912580495803886116e+00
2.706350114226468762e+00 -2.976547949713900021e+00
-8.060278002986438484e-01 -6.898227148313857526e+00
-9.514781557402152146e-01 -4.993329886250583272e+00
2.635034968106620745e+00 -2.092505752796756546e+00
-3.135228412422961686e+00 -8.345091966321248833e+00
-2.200282397461045036e+00 -2.061035615868419768e+00
-5.501659195216694442e+00 -5.770117139468577960e+00
-5.141279144670312107e+00 -2.003709273876101982e-01
2.118136270640119889e+00 -8.370560835200453909e+00
-4.602418135986836134e+00 -1.001033378720146949e+01
2.051833883782450130e+00 -1.060149180225157650e+01
1.892801754130395864e+00 -6.954367328444782892e+00
3.083099540357441271e+00 -4.997176093261727070e-01
-1.024008656891973956e+00 -7.485472529675494258e+00
2.035018294203664979e+00 -6.224481228396610888e+00
4.097676600034926508e+00 -1.076851531897170844e+01
-1.333083997131273346e+00 -8.773352594699428408e+00
-2.034863900014065585e+00 -7.142126422056751522e-01
-4.191707437465126418e-01 -1.581460559750165862e+00
-2.977571034645418724e-01 -7.144383335824661785e+00
-8.191460490527555649e-01 -3.306332810896694951e-02
-6.376817569110910799e-01 -8.959740832545763922e-01
4.033128172897134434e+00 3.979640322614384829e+00
2.062557013572684284e+00 -5.052746238313712723e+00
5.084725426799707293e+00 -5.951825646117608670e+00
-5.348057456356489769e-01 -3.016434282916321763e+00
4.321425801617325924e+00 6.831624419990127706e-01
2.663239299194896326e+00 -5.583904730398081107e+00
1.040238439649241453e-01 4.625281484834964374e-01
2.278757755462312851e-01 -2.994078806497955547e+00
-8.832058983459202040e+00 -5.531417391671759276e+00
4.540397699606200099e-01 -2.504797416175873259e+00
-4.679501778190872763e+00 -8.182197699472101959e+00
1.928397450653012379e+00 -3.516706264741600307e+00
7.914595399650714569e+00 -3.197175597998971330e+00
-3.437863481439956459e+00 -1.123171914717919684e+01
-8.838839846266562716e+00 -5.307988081184029205e+00
1.673042343399244736e-01 -3.899883127925900084e+00
-4.344346148726124568e+00 -8.184288260503354451e+00
-2.112208561350730207e+00 -4.712059137196709102e+00
5.713628358397576656e-01 -2.031815432299628910e+00
-9.741713322367613337e-01 6.133915177071427305e-01
-2.712906581161292241e+00 -1.036327241528961274e+00
-2.411712195578145757e+00 -4.218284080869909580e-01
-4.239810951946450857e+00 -4.850866346131464724e+00
-5.046383612197500312e+00 -6.666984349619740513e+00
-1.300787132617554853e+00 3.142941951135550305e+00
-3.643350578117826366e+00 -8.207214346616300560e+00
2.171419046891856830e+00 -1.706167736152912173e+00
3.254223345700140602e+00 6.553563869294989352e-01
4.425949712741685360e+00 -1.122262447760632931e+01
-2.723767718318457209e-01 -3.768347635901414527e+00
3.364770124728108769e+00 -1.042895949295928126e+01
-7.226189920373692344e-01 -1.520476537973290077e+00
-3.391879656739257509e+00 -3.253771561673005852e+00
4.204758636082974732e-01 -3.169312701970083079e+00
2.165345110006346552e+00 -1.406113042394377510e+00
-1.134513180254866693e+00 -4.204228587376675819e+00
2.265441098749387372e+00 -1.028426376564878897e+00
-2.165372769331944447e+00 -3.990508620853248978e+00
-7.350193774183486184e+00 -8.677557634006278775e+00
-3.564894647365404623e+00 -5.997278012330244934e+00
1.776049183519399222e+00 -2.574340497815123641e+00
1.957256944914426366e+00 -4.132892740552190247e+00
2.592201928371204112e+00 -8.389149507996727095e+00
4.519368941887308644e+00 -1.269386434035369504e+01
-4.037814673557847733e+00 -3.540630639086893794e+00
-4.537594027695075471e-01 -6.150184436443895564e+00
-3.783414128792268905e+00 -1.145463070476477796e+01
4.633038030870845425e+00 -1.274566731605408787e+00
-7.997222183051264643e-01 -2.797423177483366885e-01
4.389254932278763732e+00 -4.433428848196832028e-01
5.193593312147415375e-01 -7.833321967064664548e+00
2.126527066980756331e+00 -2.303867068337071000e+00
-9.267123078939292213e-01 -1.109153128995470894e+01
-2.585027824956950049e+00 -8.778049055079861773e-02
2.150140838800267407e+00 1.367103083617283943e+00
-1.284426467324405241e+00 5.377611361301215531e-01
1.058338205960568601e+00 -6.401681511747039366e+00
4.156154624225671945e+00 -1.565027258565329049e+01
1.968270427784127197e+00 -8.556018542398858173e+00
-2.255250842305283054e+00 -1.116217888215556542e+01
-4.444848980209645362e+00 -1.302974697638663670e+01
3.546801238082553098e+00 1.914414952750673748e+00
-2.560263646410099181e-01 -4.365073923718395754e+00
7.487070635476070768e-01 -1.413232712675964731e+00
-2.523327749747811488e+00 -9.279535126386107891e+00
2.746707413953246579e+00 -5.629302821027254211e+00
5.553563247539246017e-01 -4.126446974739597984e+00
1.972241808359695314e+00 3.363451697705954757e+00
-7.426461298190730531e+00 -5.641835173727516306e+00
3.073407742184624425e+00 -1.267625900367831449e+01
9.783027085129205602e-01 2.242111564093294263e+00
-8.081309500636583154e-01 -8.620457636966946779e+00
-2.070266188311389755e+00 -1.151355683867139490e+01
-1.502110881782183327e+00 -1.244096445536609608e+01
6.822116486344862452e+00 -6.411675338714093897e+00
3.968230424336455453e+00 1.085420006345287902e+00
-6.628773190398757009e+00 -2.764378345332119125e-02
1.002154312324390339e+01 -8.386108708434070191e-01
7.231379511283864581e+00 -2.831033047961394988e+00
-1.559695556138186889e+00 -9.074581115273959497e+00
-2.017214079188295539e+00 -3.428870764450764774e+00
-2.686559587928474713e+00 -2.246467009999963960e-01
2.989924445213665294e-01 -1.672225600042635429e+00
9.504155065012120929e-04 -8.260512116105875435e+00
-4.944389452447230049e+00 -4.068045438702996286e+00
-4.465321208275497611e+00 -3.703732902848501318e+00
2.866911694141518918e+00 1.314710893134141134e+00
-2.093565474928284154e+00 -3.156024295724799256e+00
-2.551881484396448574e+00 -5.064647370935132287e+00
2.514929369665138026e+00 4.675953735881295259e+00
-7.856505750702691415e-01 -3.587401970449516364e-01
2.556118362504165464e+00 -5.947932905214145194e+00
-5.557830706348477756e-01 -7.989198416667962377e+00
-1.753279726203740729e+00 -8.047575679152529915e-02
-3.042011605246424555e+00 -7.992544337432549995e+00
-1.884402718401167132e+00 -3.332686116692986644e-01
3.876562495426916222e+00 2.055995823093870634e+00
-1.581799809585218153e-01 2.371998634770041470e+00
3.255732475800260595e+00 -1.185776300269123062e+00
1.811983350540472770e+00 -4.920077191409120587e+00
1.241716998508545444e+00 -4.555736537841521105e+00
-1.337493446723379220e+00 -5.956471704941300516e+00
-6.115142539900961793e+00 -7.003994409826866274e+00
2.500339712490540656e+00 -1.299981952469232205e+00
-5.482638321594608399e+00 -8.558898783350390005e+00
-3.118022391169530394e+00 2.047037223319548183e+00
6.823026169209900349e-01 -2.579336107024363667e+00
4.584789063879532556e+00 -6.581906143505679152e-01
2.154464170841901449e+00 -9.937828423844623060e+00
1.104597591425567771e+01 -7.018112731506438884e+00
-3.039265823590799442e+00 -4.277926330227026952e+00
1.172442417478498200e+00 -4.282527612107370985e+00
-1.216319407731644375e+00 -6.748722818847944893e+00
2.285422943142036978e-01 -1.321733962326386802e+01
-3.139509142175709311e+00 -4.105996759779789507e+00
2.193785164543325727e+00 -9.213209453105539737e-01
7.125622830269651153e-01 -7.276821360219318358e+00
2.264712439462700289e+00 -7.266691624322210163e-01
-3.675148144309338782e+00 -9.464501972047916212e+00
6.420684512913245712e+00 -1.878665875016185094e+00
-9.167852124249388224e-01 -1.202196161926785400e+01
-4.679860212100399153e+00 -1.629514794485849238e+00
-2.090856599742442867e+00 -1.547390942320745255e+00
2.011628872449779504e+00 1.236626874720240910e+00
-8.070450736243772738e-01 -8.370817676299799892e-01
-3.953480715308281823e-01 -1.936910398397324151e+00
-4.390648144209126080e+00 -3.497969771798216332e+00
-2.227181588068245510e+00 -1.353148167143880798e+01
-1.666277850889543721e-01 -3.947285257514510537e+00
-1.320121211212535117e+00 -1.178644511222214675e+01
-5.559283135179704516e+00 -5.842166430580488345e+00
2.093346624917497678e+00 -1.397499477996503003e+01
1.912258468974946446e+00 5.303081632977248994e-01
-3.657997170746496884e+00 1.633521309886530659e+00
3.063792328430235745e+00 1.363522361278497019e+00
1.169467161204361894e+00 -6.696938013902989262e+00
4.809983434841104355e+00 -5.499111529097596041e+00
-3.938041627359779806e+00 -1.086221392215735548e+00
4.831211074073527456e+00 -3.874202844815601399e+00
3.371248754067874831e-01 -2.449972377264090007e+00
2.994799144996092011e+00 -1.082204905375440518e+01
-1.925252352185068627e+00 -1.270656105524639656e+01
3.370730045824417154e-01 -1.126995446286157510e+01
-4.481303328509894435e+00 -1.144026879885701042e+01
-1.098714610151188431e+00 -1.349724200304774335e+01
2.302664536997931055e+00 1.537060549007700061e+00
1.826415008293994058e+00 -4.535577970265225467e+00
1.720995702492160273e+00 -1.062475291598822302e+01
-2.457403455839427764e+00 7.633010913523246010e-01
-7.053810173365906433e-01 -1.146810239882491977e+01
1.977317254906365562e+00 -6.774937177120403220e+00
2.908265601849909787e-01 -8.051607992891169019e+00
2.871241147448281517e+00 -9.036427633237716250e+00
-9.195424960132039249e-01 -1.976524177243160985e+00
8.052568579810497340e-01 -1.558187500181001539e+01
-6.600322650154246684e-01 -9.694104431316867831e+00
-3.825225545953057971e+00 -7.682716194973688850e-01
1.117438027945121259e+00 -5.693634373467713061e+00
-4.558978124665734377e+00 -2.684129239346118467e+00
1.022877764518561827e+00 1.146748873992209816e+00
-5.543753639072305006e+00 -9.941960950473021086e+00
4.693642064586449614e-01 -5.116241367436047405e+00
-7.021085933353719000e-01 4.018130559012487169e-01
-4.722044672016334488e-02 -4.491001018258105049e+00
4.105944276952683047e+00 -1.354132163340883821e+00
2.586206263425704588e+00 -9.076698976929353790e+00
-6.674780204175889686e-01 -5.261386638458062315e+00
3.311360777058043325e+00 1.893405793434962181e+00
3.328347190686808954e+00 -9.255022290232622906e-01
-5.740409202801874500e+00 -5.632260549470387012e+00
2.229176625279507995e+00 -1.120795195879010553e+00
2.699426338332493902e+00 -1.997000152008241214e+00
2.815793197590430452e+00 -5.805266889562572530e+00
-8.632348053782290531e-01 -9.123124869447014618e+00
-3.423992782925283418e+00 -8.706039984634591278e+00
-1.086427236452865763e+00 3.650073366448644663e+00
-1.302905372399811856e+00 -1.228296734769285337e+01
-1.805092488364204772e+00 -1.379290566013451169e+01
8.690359672983398731e-01 -4.406864657505925820e+00
4.256518185333462156e-01 -1.093070696744270265e+00
6.330003294133101921e-02 -4.453548181156332220e+00
8.084919816743667553e-01 -7.389226546611385338e+00
3.840614742396399439e+00 -1.140831182183263515e+00
-7.399019023542857676e-01 -9.682268495431724631e+00
-1.560828069128957107e+00 -7.877639132683191825e-01
-6.493980470313628572e+00 -6.359003503269986979e+00
5.633878941123886541e-01 -1.413302039238077068e+00
-6.831313878534354345e+00 -8.490011171445413396e+00
-4.464199188952439279e+00 -9.807025835199127073e+00
-6.441170763916414188e+00 -3.587769555878975947e+00
-2.316026723603927806e+00 -9.624806779515148847e+00
3.082333009601757379e+00 -3.310813410444493066e+00
-2.970707659899125108e+00 -2.261461302175198806e+00
-8.628318949737849852e-01 -2.657164656712446504e+00
-1.761073183208269111e+00 -4.837191704112751012e+00
-3.736799557509630887e+00 -1.047939315798451965e+01
1.728675511770311868e+00 -5.955397197212803917e+00
-1.334136288430933792e+00 2.886271253705618989e-02
-2.050738491641131755e+00 2.445293049290010678e+00
-1.739359766505196969e+00 4.652937855674425194e+00
1.140191071667251421e-02 -8.928887272807461528e+00
1.617258618430554407e+00 -6.492735892157126543e-01
3.177960057035457808e+00 -8.061370643007286674e+00
-7.363196443102706379e-01 -2.013276890317537315e+00
2.488195512210246152e-01 -1.012836786250107313e+00
-4.007681826067901021e+00 -6.175987410045109538e-01
-5.605534148865360944e-01 4.503065725135455555e-01
-1.586562681255854201e+00 -4.156003817619921215e+00
1.078336252309938459e+00 -8.898969276467489919e+00
-3.767507824204261002e+00 -9.218344708217179218e+00
6.060770404569485237e+00 -5.610340388394585709e-01
5.154219894829890514e+00 -1.911265309684642588e+00
-2.801323363913226672e+00 -1.025562364210527733e+01
-5.585650550548237447e+00 5.048446986523185132e-01
-3.914425636880950687e+00 -9.950777874596044015e+00
1.002528200217820853e+00 -4.125243544729422673e+00
-1.250322224575645791e+00 -2.591559307209687635e+00
-6.991565385988718795e+00 -1.307589649839340851e+01
3.645641955255915612e+00 -8.546382243455511230e+00
1.986473440664295875e+00 -5.475540107948228652e+00
-3.267804884797008036e+00 -2.577033943182855502e+00
2.987821630388761029e+00 5.712761817935657405e+00
-2.718823567826656351e+00 -6.162711273921649635e+00
-8.265104312091333671e-01 -7.186266920554766457e+00
7.869615835064567300e-01 -5.408628252518447255e+00
-2.031827884550231111e+00 -1.673274854397075018e+00
5.653126379892315256e+00 -4.677133600913730760e+00
4.079052772281488437e-01 -9.975020535322540738e+00
3.820292330979186524e+00 -3.104114636276317007e+00
-5.192875302856597486e+00 -2.749722217363822274e+00
3.250060053827584117e+00 1.968387868549008601e-01
8.470732117025914221e-02 1.106359857809964264e+00
-6.884373920851214912e+00 -4.287921365500769966e+00
-1.157325428061985484e+01 -5.559503681006358278e+00
-7.116706467259765745e-01 2.138566361079620393e+00
-3.867695215539863618e+00 -1.471009407616972808e+01
1.579430243727615313e+00 -1.051720125840901510e+01
-3.582900196112211777e+00 -4.241964796708221463e+00
-2.220753091922941902e+00 3.825860132653098322e-01
-3.116386207663355279e+00 -1.053526274672049290e+01
3.583176975859391433e+00 -7.343425543003679223e+00
-4.668929963625884305e+00 -2.034144353179348386e+00
4.431776382174092976e-01 -7.105444882593148215e-01
4.014956399286771394e+00 -8.955710003402140851e-01
-8.357192842183986947e-01 -3.865231262025569325e+00
6.152948141931744441e-01 -8.228697171863382565e+00
2.407149237471822190e+00 -3.676002319970538501e+00
-5.413375751648210610e+00 -5.923329336383075905e+00
4.216333794889435715e+00 4.694780185188072608e+00
-1.685284935897418901e+00 -6.668019709952018204e+00
-3.474632539409370224e-01 -3.064225955050207340e+00
-5.118772608711475769e+00 -7.283525323200557011e+00
5.723920091995664094e+00 -5.513650902375306195e+00
2.354354876807089436e+00 -2.437046006197117975e+00
1.205881728513998663e+00 -2.073974434957832180e+00
-2.062300745576821193e+00 -4.659838020614467169e+00
-3.374614949908603112e+00 -8.761621768623514939e+00
-3.370005628041866430e+00 -7.263103826949489417e+00
4.753751573348907300e+00 -1.212941606918158222e+00
8.959578209112506464e-01 -1.055989874087726399e+01
2.532444757594196183e+00 7.786740954805404513e-01
-4.027658398793382055e+00 2.040009250083967274e-01
-3.279576387525579673e+00 -3.039562832381268453e+00
-1.964844631742027614e+00 -1.569031215143852620e+01
-2.492145193851222906e+00 -6.114853120282951693e+00
7.705264031133138847e-01 -3.390019504759732349e+00
1.062161110908105055e+00 -1.264899427913961460e+01
2.217094645585444557e+00 -1.274321528395842673e+00
-5.103906011560379596e-01 -1.244781250975103859e+01
-1.665407817878416630e+00 -4.521228969225560945e+00
-2.874696765588156566e+00 3.000435883581357821e+00
1.759875461150791631e+00 -3.569086715251560626e+00
-2.346654379292283821e+00 -5.195430738196563647e-01
9.064420206641511379e-01 2.224495534058023694e+00
6.493638134407134999e+00 -6.997845339534585207e-01
-7.401071103346070323e+00 -9.342708794017083207e+00
-5.111767824282347217e-01 -7.178600115926787595e+00
-1.280072672745136586e+00 -7.854417646995086599e+00
-1.815018686051357300e-01 -1.696971185797041981e+00
-1.808840156735089355e+00 -1.283536091534332435e+01
-7.680446966802219055e-01 1.513051439660140218e+00
3.475642057378220073e+00 -5.289191009425465495e+00
5.596315940220851104e+00 -4.340630993909568858e+00
7.053747474111901061e-01 5.993625382241081212e-01
1.823639216998777179e+00 -3.910912335732688483e+00
-4.208958785101836853e+00 -3.832668405358278907e+00
2.465248936900006349e+00 -1.321865502260522618e+01
9.626948681778784156e-01 -1.018016636658850516e+01
6.298141852809661323e+00 -2.444007696934814788e+00
1.496078158955501003e+00 -2.923614060935393777e+00
1.301384286910038934e-01 -1.203371980069913194e+00
4.080127041862020576e-01 -1.122768763580483942e+01
4.279876335341691984e+00 -4.906056054360305119e+00
1.914911326001814018e+00 5.345896572564768690e+00
2.441937470450616487e+00 -2.410410341131947298e+00
-3.250486409715332314e+00 -2.668836704859435471e+00
1.098580270449451834e+00 -7.031963377253698244e-01
-1.092126077276387441e-01 -6.554947126756478504e+00
2.254696631840151788e-01 -1.201411647493175927e+01
-3.864061423242586280e-01 -2.948276653803719061e+00
-2.904041653418377056e+00 -3.340289016541434286e+00
-1.172181442417716379e+00 -3.607484145691575605e+00
1.895337261997797285e+00 -6.207481641003036010e+00
-5.260980682367567773e+00 -1.455473965556734806e+00
-9.816041611963269853e-01 -1.669415352192234536e+01
1.232745424738138418e+00 -9.876522573197705768e+00
-1.178585886121832349e-01 -2.689861158773894090e-01
3.646326554259541552e+00 -8.468935811527820157e-01
-7.990756921502388810e-01 -1.215716600969393379e+00
-7.077710102936004333e+00 -2.714486428123342066e+00
-2.199959611950581539e+00 -2.278285625916239621e+00
-5.122787490987936287e+00 -8.551936531287919863e+00
-1.724543530691830195e+00 -4.977164617672440450e+00
2.267652685983560623e+00 1.446964303164060439e+00
-4.178353188429127840e+00 -5.031020800221874367e+00
-3.892958297360892495e+00 -1.000215952280043474e+01
-1.476330998177151077e+00 -7.183127652836887478e+00
-4.768993623726850650e+00 -2.635403301328920200e+00
-3.767685244961330504e+00 -3.411819461401763842e+00
-2.220626548140151257e+00 -7.168440149233939351e+00
-1.273023954189178797e+00 -7.364217748690636611e+00
2.057261408733452424e+00 -7.943557124274967407e+00
-1.687286076961075798e+00 -1.827882668037192015e+00
3.210753411407533342e+00 -1.407480868621949455e+01
-2.682317512696779094e+00 -3.755818406809526167e+00
1.471559475878501999e+00 -5.653994660985738996e+00
1.786985579935157942e+00 1.721280303846886905e+00
-2.998913376653950635e+00 -3.445118447053647337e+00
2.622157289711602335e+00 4.616759841410149612e-01
-4.528890628751209846e+00 -1.235135192363697598e+01
5.567516961483212512e+00 -1.096881190808565698e+01
2.764064235744951858e-01 -8.388131348003199150e+00
-1.830232162329519241e+00 -1.296089605227199826e+01
2.240492538324935445e+00 -1.651228493644205741e+01
6.917012511270614894e-01 -6.865344075244852462e-01
-4.627026269298126770e-01 -3.702058346418860779e+00
2.792794939535903520e+00 3.677055561500306879e+00
-4.683057406251779575e+00 -1.160373802613353433e+01
3.611644096281166227e+00 -1.269916801484232138e-01
3.583845859541369361e+00 -4.008197787925378286e+00
-2.248497597183839236e+00 -5.060644014039960226e+00
7.504219838136338971e-02 -2.970951708718488682e+00
2.073558243192600514e+00 -1.030420163003275213e+01
-1.728876015103620212e+00 -1.020879716383728564e+01
1.721872430629083350e+00 4.647107716315018067e+00
-1.063988629430775656e+00 -1.930570151818200131e+00
-1.854353299369381203e+00 -5.487504398613422651e+00
-1.195141235875544439e+00 -4.431280843627249055e+00
1.437971593141071924e+00 -4.721509292404109104e+00
7.523327814617907228e-01 -5.170223581179360650e+00
-2.719205074034252601e+00 -4.761005897576562340e+00
-4.865101641934574950e+00 -1.094526699601776798e+01
-1.588985050943223287e+00 -7.473788275721255481e+00
2.623259310503256003e+00 -1.248539082284085566e+01
-3.089524333633899555e+00 -9.355602475851194200e+00
-2.373539231997900067e+00 -1.210941379643835702e+01
3.450870058703466636e+00 -5.060988793164517219e+00
-3.097208431766851344e-01 -1.157881714431383990e+00
3.180426699916394373e+00 2.242234281507968774e+00
-5.747157124984534349e-01 -2.580588937684876960e+00
2.480014743612704908e+00 -2.109015526613790659e+00
-8.886151530015958144e+00 -4.652676867296765550e+00
9.432314897434181944e-01 -3.202635437015442843e+00
-4.947126835107535037e+00 -3.604734732562878019e+00
-1.504642240578015766e-01 -9.887914656351719955e+00
-7.494995026600892452e-01 -5.370352791017469762e+00
-1.590158462061950218e+00 -6.936423662747102981e+00
9.198647147130234458e-01 -2.522082070886248140e+00
1.295041787124456834e+00 -1.110690115981931569e-01
2.742410586679853601e+00 2.410298281947098609e-01
-2.192361273563871560e+00 -1.725590759248525785e+00
-2.646246822801853416e+00 -4.168104825369860933e+00
-2.112282529857702151e+00 -3.141018849773129062e+00
6.880358496544526581e+00 2.906858355437346830e+00
-5.640195006130291233e+00 -1.049552869551085799e+01
1.332420336664703164e+00 -7.703054973098799607e+00
3.857154106556234252e-01 -3.296076906553666142e+00
-6.406259233223744465e-01 -4.823935062419692166e+00
-9.651614787603507439e-01 -2.359351083919978720e+00
-1.620458412597871600e+00 -4.943188759584694836e+00
-2.087272837807965242e+00 -2.787374996782360448e+00
2.922112289049504597e+00 -4.088693388234188930e+00
1.957515893433193099e+00 -2.269033868512664753e+00
1.950386991430634431e+00 -8.169244667859794973e+00
1.804452740308506442e+00 -1.164711454177188443e+01
1.861007164674968628e+00 -9.265968708782779117e-02
3.099290132297752631e+00 -2.361959939543929465e+00
4.927167810503734202e+00 -7.293782235065664921e+00
-3.664719290848730715e+00 -1.069733416389986402e+01
-2.350648578406469014e+00 -4.378577443128624402e+00
-2.284749353264681204e+00 -1.948322117379771790e+00
-3.184139872698011686e+00 -7.956286635391878193e+00
-5.317425470205504823e+00 -3.547676672861828528e+00
-4.350646911554015617e+00 -1.082599983347527939e+01
-2.272129487622657429e+00 -8.619850756961930927e+00
-2.297010797193109966e+00 -4.864450719538893964e+00
-2.216913966135856118e+00 -3.047441096109062997e+00
-3.561868322188839642e+00 3.083360765833552897e+00
-1.623365848250286847e+00 -1.097599794520744965e+01
-2.667761389799895078e+00 -6.153545353183366373e+00
2.894381984604305735e+00 -4.199051423382115900e+00
5.169639902874581416e+00 -4.559807179784390208e+00
4.373309246232113257e-01 2.467149615071727808e+00
1.856332005755591652e+00 -5.374427290239268906e+00
6.216923228496105125e+00 -8.202650606150610813e+00
-5.783222226582527270e+00 -1.702779373187475187e+01
-5.929669169151106090e+00 -3.067703157227350985e+00
-3.387212365814333381e+00 5.068796315037710443e+00
-2.854776958520517827e+00 -1.125090141368890606e+01
